01010000100000110111101010101010
01110110000000100111100010110000
10001001011001011000010100000101
00000010100001101111111010101011
01010000101001111111111010101111
00000000100001000100000000000001
10101111010110000000000101010000
10001001011111011000010101000101
01110110100000100111101010111010
00100110000100000000000001010000
01010000101001111111111010101111
10001101000000000000000000010000
10101111010110000000000101010000
01110000100000100111101010111000
10000001011111011000010101000101
10001001011111011000010101000101
10001001011111011000010101000101
01110110100000100111101010111010
01110110100000100111101010111010
01110110100000100111101010111010
10101111010110000000000101000000
10001001011111011000010101000101
01110110100000100111101010111010
01010000101001111111111010101111
10101111010110000000000101010000
01110110100000100101101000110010
01000000001001111010110010001111
10001001011111011000010101000101
10000000000100000000000101000000
10101111010110000000000101010000
